    unsorted:	 14830.00771 15058.79441 14601.21358 14052.90042 13850.21614 15867.88157 16574.19843 12976.84170 17346.32491 17929.23003 12393.62358 19859.11759 20121.21837 20339.09432 21085.28923 21602.95061 11466.45168 22208.34991 9386.483880 7236.339136 6400.927431 5100.630181 0.004955764794 4222.258767 3679.537343 2622.673353 0.02149989052 26419.34235 30785.21284 36110.45152 38082.22603 40909.84519 43965.06862 45965.56850 46983.32795 56929.06998 63380.60678 75426.30131 79885.88183 85205.59787 94500.29886 121883.8409 137899.5557 143902.4752 189311.9787 209301.7922 671456.9214 12515686.86
      sorted:	 0.004955764794 0.02149989052 2622.673353 3679.537343 4222.258767 5100.630181 6400.927431 7236.339136 9386.483880 11466.45168 12393.62358 12976.84170 13850.21614 14052.90042 14601.21358 14830.00771 15058.79441 15867.88157 16574.19843 17346.32491 17929.23003 19859.11759 20121.21837 20339.09432 21085.28923 21602.95061 22208.34991 26419.34235 30785.21284 36110.45152 38082.22603 40909.84519 43965.06862 45965.56850 46983.32795 56929.06998 63380.60678 75426.30131 79885.88183 85205.59787 94500.29886 121883.8409 137899.5557 143902.4752 189311.9787 209301.7922 671456.9214 12515686.86
