    unsorted:	 14975.77617 15224.64667 14633.00544 14132.53843 13854.44867 15910.98120 13029.55393 12431.19825 11831.19339 11421.34386 17456.65730 17865.73845 20397.00215 20568.45474 20751.42949 19896.99839 20977.91845 22084.39223 22465.66688 10243.88525 9375.884216 23836.53434 24553.99075 7127.247362 26239.82262 5020.806930 4783.625675 0.004967617371 3785.062351 0.02118455873 29076.75480 35941.95415 35488.44355 42075.86769 48253.11715 52046.39063 55544.36542 58668.62818 61117.51126 63148.97838 80779.33042 96340.81066 100126.9791 125932.4776 150494.8141 182530.3223 194911.3916 235732.5624 804043.6584 12123142.84
      sorted:	 0.004967617371 0.02118455873 3785.062351 4783.625675 5020.806930 7127.247362 9375.884216 10243.88525 11421.34386 11831.19339 12431.19825 13029.55393 13854.44867 14132.53843 14633.00544 14975.77617 15224.64667 15910.98120 17456.65730 17865.73845 19896.99839 20397.00215 20568.45474 20751.42949 20977.91845 22084.39223 22465.66688 23836.53434 24553.99075 26239.82262 29076.75480 35488.44355 35941.95415 42075.86769 48253.11715 52046.39063 55544.36542 58668.62818 61117.51126 63148.97838 80779.33042 96340.81066 100126.9791 125932.4776 150494.8141 182530.3223 194911.3916 235732.5624 804043.6584 12123142.84
