    unsorted:	 14831.69465 14995.79462 14629.82415 15695.38024 14221.63211 15870.85496 13722.59230 13378.39195 12511.34998 12284.13583 17237.31531 17532.50824 11439.47359 19582.33170 19987.67860 20392.66758 20713.65263 21002.04039 9339.099024 23641.71761 24616.20039 25877.74997 7093.081115 0.004952333328 4946.649087 4150.345197 3776.081632 0.02172400540 1360.826216 29685.01139 34900.66570 34821.31243 36252.34768 41719.69252 46219.01048 48160.10577 58194.12365 59077.16559 62384.18509 73344.41328 87027.68653 94547.33334 109312.6423 123894.2816 148280.5805 168261.0800 209090.6238 237958.8927 252475.7005 832763.5179 15500286.89
      sorted:	 0.004952333328 0.02172400540 1360.826216 3776.081632 4150.345197 4946.649087 7093.081115 9339.099024 11439.47359 12284.13583 12511.34998 13378.39195 13722.59230 14221.63211 14629.82415 14831.69465 14995.79462 15695.38024 15870.85496 17237.31531 17532.50824 19582.33170 19987.67860 20392.66758 20713.65263 21002.04039 23641.71761 24616.20039 25877.74997 29685.01139 34821.31243 34900.66570 36252.34768 41719.69252 46219.01048 48160.10577 58194.12365 59077.16559 62384.18509 73344.41328 87027.68653 94547.33334 109312.6423 123894.2816 148280.5805 168261.0800 209090.6238 237958.8927 252475.7005 832763.5179 15500286.89
