    unsorted:	 15064.34141 14854.24770 15444.24527 14307.41403 13992.26983 15970.32498 13477.03743 13179.88498 17216.12226 18147.39150 19644.11978 20137.53711 20369.84824 11977.03145 21251.23321 9616.779082 9064.565150 23384.87766 7014.005720 5969.882638 5487.505862 4633.275711 0.004969959201 0.02092726206 3717.603210 26372.15210 32120.01994 35196.75678 39242.76487 41911.17658 43977.76547 45916.22108 52865.59851 55795.89799 63104.50835 67111.57326 73589.60293 80393.66574 94015.97214 103000.2520 122952.1739 131883.2992 136809.8503 191913.2936 194908.8314 678256.9646 13728951.02
      sorted:	 0.004969959201 0.02092726206 3717.603210 4633.275711 5487.505862 5969.882638 7014.005720 9064.565150 9616.779082 11977.03145 13179.88498 13477.03743 13992.26983 14307.41403 14854.24770 15064.34141 15444.24527 15970.32498 17216.12226 18147.39150 19644.11978 20137.53711 20369.84824 21251.23321 23384.87766 26372.15210 32120.01994 35196.75678 39242.76487 41911.17658 43977.76547 45916.22108 52865.59851 55795.89799 63104.50835 67111.57326 73589.60293 80393.66574 94015.97214 103000.2520 122952.1739 131883.2992 136809.8503 191913.2936 194908.8314 678256.9646 13728951.02
