    unsorted:	 14938.83253 15156.98050 14633.94448 14043.58436 13775.05718 15915.12339 12895.74429 12461.66527 17140.82170 17736.55535 18524.18610 11652.79723 20510.03016 20751.37210 20188.86881 21004.26187 21720.53358 23145.39299 9421.388222 8190.273737 24788.42655 7068.839324 25777.43698 27315.17341 5175.170122 4711.692742 4635.386690 0.004965080644 3745.329802 0.02107412740 34464.00014 37034.52321 36938.96702 41973.29826 47963.22847 47869.60861 55808.97920 58938.16914 76766.94688 88254.03623 91739.45061 108212.5034 143515.4694 145850.2176 158055.4195 218418.4676 235168.5448 719409.7104 12912004.29
      sorted:	 0.004965080644 0.02107412740 3745.329802 4635.386690 4711.692742 5175.170122 7068.839324 8190.273737 9421.388222 11652.79723 12461.66527 12895.74429 13775.05718 14043.58436 14633.94448 14938.83253 15156.98050 15915.12339 17140.82170 17736.55535 18524.18610 20188.86881 20510.03016 20751.37210 21004.26187 21720.53358 23145.39299 24788.42655 25777.43698 27315.17341 34464.00014 36938.96702 37034.52321 41973.29826 47869.60861 47963.22847 55808.97920 58938.16914 76766.94688 88254.03623 91739.45061 108212.5034 143515.4694 145850.2176 158055.4195 218418.4676 235168.5448 719409.7104 12912004.29
