    unsorted:	 14955.47901 15093.79591 14770.07093 15372.06809 13808.76622 13578.49811 12536.80980 12206.38045 17136.09012 11309.02769 18665.65539 19486.14793 20056.36165 20488.93552 20814.50355 22072.71340 23322.97597 23485.30432 24695.52025 25267.41855 9265.124568 8881.711275 27343.33953 0.004963889204 5871.753208 0.02155881465 4248.918929 3794.755794 185.4957865 1594.425254 31447.49129 32572.54795 33977.09679 35359.77622 41246.19923 45208.06231 53780.82591 57581.27297 59478.69214 61486.40407 64737.01631 79329.87758 90963.79672 106454.1096 113089.1274 138309.4145 160931.2125 205416.4187 221754.4483 262533.6419 832306.9305 17283046.66
      sorted:	 0.004963889204 0.02155881465 185.4957865 1594.425254 3794.755794 4248.918929 5871.753208 8881.711275 9265.124568 11309.02769 12206.38045 12536.80980 13578.49811 13808.76622 14770.07093 14955.47901 15093.79591 15372.06809 17136.09012 18665.65539 19486.14793 20056.36165 20488.93552 20814.50355 22072.71340 23322.97597 23485.30432 24695.52025 25267.41855 27343.33953 31447.49129 32572.54795 33977.09679 35359.77622 41246.19923 45208.06231 53780.82591 57581.27297 59478.69214 61486.40407 64737.01631 79329.87758 90963.79672 106454.1096 113089.1274 138309.4145 160931.2125 205416.4187 221754.4483 262533.6419 832306.9305 17283046.66
